10
53.795
0 1 79.512 83.074
0 2 7.021 1.732
0 3 14.09 1.867
0 4 10.393 0.55
0 5 71.516 55.824
0 6 74.567 53.826
0 7 2.231 0.531
0 8 75.559 87.799
0 9 11.96 1.451
1 2 3.114 2.996
1 3 1.517 2.497
1 4 27.593 2.418
1 5 12.24 0.778
1 6 6.695 0.588
1 7 74.24 87.52
1 8 67.969 88.379
1 9 21.822 3.631
2 3 42.666 3.854
2 4 14.507 0.847
2 5 74.236 46.046
2 6 22.964 3.203
2 7 14.661 1.169
2 8 77.311 35.571
2 9 71.17 40.657
3 4 3.371 2.704
3 5 80.809 33.93
3 6 63.138 3.502
3 7 15.024 0.64
3 8 70.643 41.608
3 9 71.389 71.031
4 5 14.593 0.967
4 6 15.704 1.378
4 7 79.158 16.134
4 8 0.878 1.622
4 9 24.66 4.510
5 6 14.665 2.905
5 7 5.724 2.461
5 8 77.012 50.601
5 9 74.193 13.02
6 7 70.09 82.9
6 8 64.205 93.073
6 9 9.342 2.157
7 8 59.753 10.559
7 9 70.465 68.758
8 9 81.952 19.37
