20
32.596000000000004
0 1 1.497 0.043
0 2 12.337 0.057
0 3 97.251 17.179
0 4 7.491 0.057
0 5 97.669 8.987
0 6 94.123 32.44
0 7 15.066 0.046
0 8 6.626 0.011
0 9 6.17 0.056
0 10 10.087 0.037
0 11 13.629 0.019
0 12 94.523 53.795
0 13 32.766 0.514
0 14 92.164 85.894
0 15 56.327 1.388
0 16 78.287 51.605
0 17 16.147 0.01
0 18 92.268 82.047
0 19 46.645 2.090
1 2 95.005 12.838
1 3 14.34 0.045
1 4 78.262 6.745
1 5 36.461 0.164
1 6 24.768 0.213
1 7 62.907 0.422
1 8 41.439 0.295
1 9 64.132 0.168
1 10 66.793 0.155
1 11 4.829 0.06
1 12 91.14 38.801
1 13 79.231 52.625
1 14 11.364 0.025
1 15 14.663 0.057
1 16 10.185 0.025
1 17 71.067 0.325
1 18 90.251 57.149
1 19 89.841 12.309
2 3 88.82 15.867
2 4 5.694 0.043
2 5 83.136 34.059
2 6 14.858 0.041
2 7 92.109 73.322
2 8 87.341 16.564
2 9 80.278 34.532
2 10 79.532 92.23
2 11 6.493 0.018
2 12 16.344 0.05
2 13 11.333 0.022
2 14 90.298 89.424
2 15 81.827 96.77
2 16 8.529 0.033
2 17 3.274 0.035
2 18 78.107 41.998
2 19 97.432 16.209
3 4 72.899 1.827
3 5 15.95 0.016
3 6 96.448 10.958
3 7 13.556 0.031
3 8 87.39 93.122
3 9 80.242 5.448
3 10 95.261 65.35
3 11 8.953 0.049
3 12 49.769 0.670
3 13 2.675 0.036
3 14 91.254 64.489
3 15 88.752 46.245
3 16 20.763 0.491
3 17 8.935 0.042
3 18 82.613 48.855
3 19 4.055 0.056
4 5 9.713 0.061
4 6 79.317 24.391
4 7 80.545 83.256
4 8 3.884 0.058
4 9 88.79 67.906
4 10 14.5 0.023
4 11 9.348 0.014
4 12 71.802 1.248
4 13 88.088 57.732
4 14 16.242 0.054
4 15 81.516 94.823
4 16 46.449 1.786
4 17 94.576 68.035
4 18 15.331 0.017
4 19 90.344 8.008
5 6 70.261 0.152
5 7 45.784 0.048
5 8 50.335 0.146
5 9 20.989 0.400
5 10 69.079 0.093
5 11 95.283 81.04
5 12 0.054 0.049
5 13 80.563 12.164
5 14 97.268 73.143
5 15 8.534 0.031
5 16 96.28 82.507
5 17 33.299 0.074
5 18 16.493 0.027
5 19 97.975 48.976
6 7 29.754 0.227
6 8 22.627 0.354
6 9 77.919 0.170
6 10 58.136 0.099
6 11 95.676 41.541
6 12 93.666 41.594
6 13 5.784 0.013
6 14 8.655 0.06
6 15 93.488 98.478
6 16 5.256 0.011
6 17 35.208 0.273
6 18 10.283 0.057
6 19 11.8 0.06
7 8 66.068 0.421
7 9 20.831 0.170
7 10 55.653 0.435
7 11 78.433 83.196
7 12 80.031 55.502
7 13 15.226 0.051
7 14 84.358 24.728
7 15 0.841 0.012
7 16 86.732 61.914
7 17 36.189 0.114
7 18 94.028 72.532
7 19 80.672 12.713
8 9 21.459 0.346
8 10 47.59 0.244
8 11 8.761 0.018
8 12 5.151 0.057
8 13 12.59 0.059
8 14 16.045 0.046
8 15 3.016 0.038
8 16 96.17 33.201
8 17 66.521 0.167
8 18 3.114 0.056
8 19 0.508 0.024
9 10 45.033 0.191
9 11 97.345 73.227
9 12 1.437 0.033
9 13 84.614 60.894
9 14 8.009 0.058
9 15 6.334 0.015
9 16 78.993 96.35
9 17 33.188 0.160
9 18 3.837 0.01
9 19 0.847 0.02
10 11 16.37 0.058
10 12 12.203 0.018
10 13 0.764 0.031
10 14 83.182 62.251
10 15 97.566 63.019
10 16 92.679 29.558
10 17 23.908 0.292
10 18 5.623 0.042
10 19 11.43 0.012
11 12 84.303 57.0
11 13 3.769 0.027
11 14 73.689 1.591
11 15 88.649 26.764
11 16 14.766 0.047
11 17 4.779 0.053
11 18 36.539 1.444
11 19 96.621 18.606
12 13 8.558 0.015
12 14 14.116 0.035
12 15 84.582 19.944
12 16 37.286 0.297
12 17 3.208 0.023
12 18 92.952 39.364
12 19 86.225 73.071
13 14 0.202 0.02
13 15 55.075 0.143
13 16 91.328 52.347
13 17 84.059 93.11
13 18 13.098 0.034
13 19 69.882 1.855
14 15 90.991 75.876
14 16 12.255 0.037
14 17 12.513 0.025
14 18 60.463 3.285
14 19 9.884 0.016
15 16 8.116 0.06
15 17 83.38 11.243
15 18 2.698 0.054
15 19 37.639 0.329
16 17 11.966 0.057
16 18 0.551 0.052
16 19 0.385 0.034
17 18 7.848 0.05
17 19 90.09 60.161
18 19 89.451 31.349
