50
93.587
0 1 8.762 0.0
0 2 86.596 94.962
0 3 10.051 0.0
0 4 104.865 69.958
0 5 115.307 75.059
0 6 119.663 39.184
0 7 1.519 0.0
0 8 117.021 52.498
0 9 15.359 0.0
0 10 102.915 86.785
0 11 118.57 19.934
0 12 9.918 0.0
0 13 10.813 0.0
0 14 103.09 35.329
0 15 125.907 58.037
0 16 120.832 47.857
0 17 7.324 0.0
0 18 7.275 0.0
0 19 119.07 27.66
0 20 15.056 0.0
0 21 113.654 27.606
0 22 81.037 23.979
0 23 0.094 0.0
0 24 110.535 37.01
0 25 7.489 0.0
0 26 2.308 0.0
0 27 9.864 0.0
0 28 123.863 49.832
0 29 3.587 0.0
0 30 12.627 0.0
0 31 127.269 34.44
0 32 9.933 0.0
0 33 59.412 10.287
0 34 82.19 52.972
0 35 2.443 0.0
0 36 6.609 0.0
0 37 120.819 38.714
0 38 4.916 0.0
0 39 11.512 0.0
0 40 87.666 40.907
0 41 4.46 0.0
0 42 0.036 0.0
0 43 4.069 0.0
0 44 13.442 0.0
0 45 2.769 0.0
0 46 12.407 0.0
0 47 96.41 24.112
0 48 3.315 0.0
0 49 115.51 55.031
1 2 106.067 61.837
1 3 9.958 0.0
1 4 86.596 41.901
1 5 4.949 0.0
1 6 120.153 96.262
1 7 9.681 0.0
1 8 1.884 0.0
1 9 118.338 82.617
1 10 118.674 77.572
1 11 91.898 50.318
1 12 7.221 0.0
1 13 8.509 0.0
1 14 2.338 0.0
1 15 9.281 0.0
1 16 9.921 0.0
1 17 4.77 0.0
1 18 113.363 83.871
1 19 13.736 0.0
1 20 84.209 69.74
1 21 1.13 0.0
1 22 112.096 90.106
1 23 0.266 0.0
1 24 9.323 0.0
1 25 5.25 0.0
1 26 84.507 22.401
1 27 8.898 0.0
1 28 82.562 89.688
1 29 116.445 44.326
1 30 4.982 0.0
1 31 102.389 14.772
1 32 8.025 0.0
1 33 86.975 69.584
1 34 75.23 4.981
1 35 111.003 45.778
1 36 15.258 0.0
1 37 8.372 0.0
1 38 0.443 0.0
1 39 118.821 83.401
1 40 101.684 65.252
1 41 98.47 35.536
1 42 8.546 0.0
1 43 104.876 89.383
1 44 7.429 0.0
1 45 9.896 0.0
1 46 90.493 43.028
1 47 35.343 2.420
1 48 120.101 25.314
1 49 111.127 85.235
2 3 98.245 98.768
2 4 32.746 0.059
2 5 101.499 99.691
2 6 103.606 18.157
2 7 86.291 39.69
2 8 52.918 0.059
2 9 11.533 0.0
2 10 7.305 0.0
2 11 5.021 0.0
2 12 26.901 0.036
2 13 28.307 0.087
2 14 46.744 0.097
2 15 34.116 0.027
2 16 127.051 99.03
2 17 73.857 0.042
2 18 83.722 26.08
2 19 5.588 0.0
2 20 91.015 84.217
2 21 38.816 0.011
2 22 11.557 0.0
2 23 84.722 71.66
2 24 43.228 0.104
2 25 12.48 0.0
2 26 57.056 0.003
2 27 86.366 64.759
2 28 27.887 0.012
2 29 96.026 15.976
2 30 67.372 0.065
2 31 6.56 0.0
2 32 89.066 56.407
2 33 15.504 0.0
2 34 86.553 29.803
2 35 96.058 76.404
2 36 34.587 0.085
2 37 86.699 27.232
2 38 0.8 0.0
2 39 74.438 0.092
2 40 125.695 13.878
2 41 1.619 0.0
2 42 79.207 0.009
2 43 78.026 0.030
2 44 88.713 61.54
2 45 4.601 0.0
2 46 27.18 0.066
2 47 0.671 0.0
2 48 76.835 0.027
2 49 36.543 0.077
3 4 8.935 0.0
3 5 14.579 0.0
3 6 87.407 17.635
3 7 26.396 1.016
3 8 85.003 76.99
3 9 0.664 0.0
3 10 51.258 0.342
3 11 125.847 98.807
3 12 8.164 0.0
3 13 5.946 0.0
3 14 108.203 37.232
3 15 13.307 0.0
3 16 110.03 83.327
3 17 93.522 50.909
3 18 63.076 0.856
3 19 0.698 0.0
3 20 115.021 30.056
3 21 90.13 74.013
3 22 11.492 0.0
3 23 99.481 96.186
3 24 1.35 0.0
3 25 13.513 0.0
3 26 4.597 0.0
3 27 11.349 0.0
3 28 127.447 58.275
3 29 1.864 0.0
3 30 3.563 0.0
3 31 105.837 38.909
3 32 126.991 26.032
3 33 3.422 0.0
3 34 12.209 0.0
3 35 85.271 49.778
3 36 7.597 0.0
3 37 108.517 67.812
3 38 99.233 36.842
3 39 102.3 58.368
3 40 79.691 0.953
3 41 33.136 0.117
3 42 81.451 66.539
3 43 104.034 34.834
3 44 12.105 0.0
3 45 3.808 0.0
3 46 99.312 40.125
3 47 13.961 0.0
3 48 127.401 25.713
3 49 4.963 0.0
4 5 9.392 0.0
4 6 84.957 81.646
4 7 3.529 0.0
4 8 39.403 0.057
4 9 0.287 0.0
4 10 105.371 60.175
4 11 91.8 79.781
4 12 28.284 0.079
4 13 37.479 0.043
4 14 32.901 0.047
4 15 72.095 0.092
4 16 107.617 51.659
4 17 79.852 0.091
4 18 5.307 0.0
4 19 105.934 34.967
4 20 1.496 0.0
4 21 72.044 0.093
4 22 13.78 0.0
4 23 10.51 0.0
4 24 27.213 0.035
4 25 6.389 0.0
4 26 54.199 0.012
4 27 3.388 0.0
4 28 36.698 0.046
4 29 12.188 0.0
4 30 41.561 0.027
4 31 105.42 57.822
4 32 82.403 14.575
4 33 9.269 0.0
4 34 2.067 0.0
4 35 13.204 0.0
4 36 32.011 0.039
4 37 5.997 0.0
4 38 2.387 0.0
4 39 54.143 0.091
4 40 105.372 51.186
4 41 91.689 33.029
4 42 37.625 0.089
4 43 36.27 0.042
4 44 88.702 77.723
4 45 10.463 0.0
4 46 23.332 0.055
4 47 89.058 74.771
4 48 43.209 0.073
4 49 30.126 0.023
5 6 91.56 89.13
5 7 120.714 37.88
5 8 8.443 0.0
5 9 6.29 0.0
5 10 110.525 75.695
5 11 7.011 0.0
5 12 108.316 12.08
5 13 6.051 0.0
5 14 104.254 58.551
5 15 92.417 67.228
5 16 100.318 25.627
5 17 10.278 0.0
5 18 85.371 38.561
5 19 30.634 0.350
5 20 120.613 38.576
5 21 12.457 0.0
5 22 93.773 50.221
5 23 42.198 0.029
5 24 90.358 62.648
5 25 2.51 0.0
5 26 3.327 0.0
5 27 77.539 0.180
5 28 1.17 0.0
5 29 24.651 0.033
5 30 5.313 0.0
5 31 21.458 0.508
5 32 55.747 0.385
5 33 115.672 84.748
5 34 93.589 58.146
5 35 74.341 0.541
5 36 121.248 18.459
5 37 101.018 45.934
5 38 0.302 0.0
5 39 4.22 0.0
5 40 12.224 0.0
5 41 106.876 50.52
5 42 82.814 18.638
5 43 15.445 0.0
5 44 103.252 19.362
5 45 50.711 0.212
5 46 9.954 0.0
5 47 89.844 46.447
5 48 12.117 0.0
5 49 8.293 0.0
6 7 81.655 91.104
6 8 0.876 0.0
6 9 15.359 0.0
6 10 2.153 0.0
6 11 127.054 68.454
6 12 114.248 51.412
6 13 99.676 54.954
6 14 1.241 0.0
6 15 2.698 0.0
6 16 93.638 65.413
6 17 82.613 56.157
6 18 3.728 0.0
6 19 2.151 0.0
6 20 1.548 0.0
6 21 6.15 0.0
6 22 10.431 0.0
6 23 1.42 0.0
6 24 121.52 39.941
6 25 71.825 4.343
6 26 5.472 0.0
6 27 8.142 0.0
6 28 11.417 0.0
6 29 116.382 23.121
6 30 7.157 0.0
6 31 114.09 25.978
6 32 1.462 0.0
6 33 82.241 77.917
6 34 111.037 13.3
6 35 10.391 0.0
6 36 6.913 0.0
6 37 119.874 47.375
6 38 13.034 0.0
6 39 0.132 0.0
6 40 103.642 26.386
6 41 113.383 15.497
6 42 1.891 0.0
6 43 88.842 76.488
6 44 42.165 3.742
6 45 3.146 0.0
6 46 9.157 0.0
6 47 11.458 0.0
6 48 8.667 0.0
6 49 12.436 0.0
7 8 4.48 0.0
7 9 8.305 0.0
7 10 33.398 0.939
7 11 8.495 0.0
7 12 87.075 32.469
7 13 5.126 0.0
7 14 7.843 0.0
7 15 2.684 0.0
7 16 121.926 46.77
7 17 117.487 42.535
7 18 49.493 0.035
7 19 15.391 0.0
7 20 14.662 0.0
7 21 83.304 53.22
7 22 10.782 0.0
7 23 13.488 0.0
7 24 121.073 30.508
7 25 110.919 40.909
7 26 116.425 74.165
7 27 119.564 70.921
7 28 7.708 0.0
7 29 12.469 0.0
7 30 104.757 53.058
7 31 1.849 0.0
7 32 91.588 57.567
7 33 110.87 25.232
7 34 14.08 0.0
7 35 2.098 0.0
7 36 80.296 42.064
7 37 14.229 0.0
7 38 123.895 67.453
7 39 93.398 91.498
7 40 25.439 1.122
7 41 68.153 0.936
7 42 7.629 0.0
7 43 125.582 80.857
7 44 125.604 38.951
7 45 93.415 51.036
7 46 105.578 42.742
7 47 13.345 0.0
7 48 11.038 0.0
7 49 15.958 0.0
8 9 91.861 12.524
8 10 6.395 0.0
8 11 116.174 59.722
8 12 58.461 0.025
8 13 34.56 0.098
8 14 46.766 0.037
8 15 53.234 0.090
8 16 6.025 0.0
8 17 79.936 0.009
8 18 4.464 0.0
8 19 12.216 0.0
8 20 1.991 0.0
8 21 39.068 0.006
8 22 89.049 92.85
8 23 3.069 0.0
8 24 77.493 0.020
8 25 10.559 0.0
8 26 36.492 0.023
8 27 9.386 0.0
8 28 22.899 0.016
8 29 10.893 0.0
8 30 70.26 0.090
8 31 10.94 0.0
8 32 12.989 0.0
8 33 81.077 28.796
8 34 127.15 80.571
8 35 107.202 72.573
8 36 74.294 0.038
8 37 8.571 0.0
8 38 11.991 0.0
8 39 61.217 0.089
8 40 116.095 22.232
8 41 2.377 0.0
8 42 25.696 0.104
8 43 51.983 0.082
8 44 5.068 0.0
8 45 120.029 50.855
8 46 46.185 0.058
8 47 3.402 0.0
8 48 37.777 0.036
8 49 37.909 0.082
9 10 120.33 31.287
9 11 127.412 71.622
9 12 8.131 0.0
9 13 3.413 0.0
9 14 100.514 26.702
9 15 84.619 57.856
9 16 103.665 68.693
9 17 1.988 0.0
9 18 115.651 65.549
9 19 122.491 97.879
9 20 81.983 34.538
9 21 1.581 0.0
9 22 0.946 0.0
9 23 10.57 0.0
9 24 3.303 0.0
9 25 80.296 87.618
9 26 8.086 0.0
9 27 12.213 0.0
9 28 10.364 0.0
9 29 98.924 81.446
9 30 6.894 0.0
9 31 10.03 0.0
9 32 13.032 0.0
9 33 101.306 61.742
9 34 104.45 95.984
9 35 2.56 0.0
9 36 11.677 0.0
9 37 1.801 0.0
9 38 99.228 13.297
9 39 99.88 80.198
9 40 6.459 0.0
9 41 3.192 0.0
9 42 11.957 0.0
9 43 111.107 20.029
9 44 15.293 0.0
9 45 100.233 25.615
9 46 6.599 0.0
9 47 14.065 0.0
9 48 15.082 0.0
9 49 93.311 48.091
10 11 125.821 86.106
10 12 9.983 0.0
10 13 6.506 0.0
10 14 9.231 0.0
10 15 82.019 12.722
10 16 10.655 0.0
10 17 8.6 0.0
10 18 58.4 0.307
10 19 8.552 0.0
10 20 105.689 79.618
10 21 3.138 0.0
10 22 11.074 0.0
10 23 87.472 50.73
10 24 6.256 0.0
10 25 3.779 0.0
10 26 3.566 0.0
10 27 6.645 0.0
10 28 112.937 75.336
10 29 112.62 55.863
10 30 115.919 61.214
10 31 126.015 70.693
10 32 123.55 85.749
10 33 113.323 68.02
10 34 10.166 0.0
10 35 2.801 0.0
10 36 89.138 19.18
10 37 9.331 0.0
10 38 8.381 0.0
10 39 110.829 63.338
10 40 33.604 1.095
10 41 29.086 0.399
10 42 108.232 73.348
10 43 4.49 0.0
10 44 13.553 0.0
10 45 10.521 0.0
10 46 114.597 26.468
10 47 85.722 55.255
10 48 7.225 0.0
10 49 4.534 0.0
11 12 118.253 31.615
11 13 6.535 0.0
11 14 10.619 0.0
11 15 12.658 0.0
11 16 4.616 0.0
11 17 1.493 0.0
11 18 89.414 60.083
11 19 5.578 0.0
11 20 107.763 28.654
11 21 81.155 12.367
11 22 2.841 0.0
11 23 3.208 0.0
11 24 108.039 93.047
11 25 86.973 54.198
11 26 89.561 91.686
11 27 5.603 0.0
11 28 7.037 0.0
11 29 15.884 0.0
11 30 127.03 25.453
11 31 123.408 67.846
11 32 108.063 67.88
11 33 82.921 62.595
11 34 14.844 0.0
11 35 13.726 0.0
11 36 84.238 43.998
11 37 71.658 4.115
11 38 69.252 3.943
11 39 13.457 0.0
11 40 107.421 35.749
11 41 114.253 68.888
11 42 10.226 0.0
11 43 86.174 93.193
11 44 95.239 81.612
11 45 116.741 35.738
11 46 7.659 0.0
11 47 9.592 0.0
11 48 6.695 0.0
11 49 112.861 90.345
12 13 79.752 0.001
12 14 53.876 0.040
12 15 24.613 0.041
12 16 113.755 77.961
12 17 59.625 0.101
12 18 83.96 28.599
12 19 106.365 49.704
12 20 123.265 25.627
12 21 63.054 0.057
12 22 106.779 99.728
12 23 101.583 92.589
12 24 64.274 0.036
12 25 4.084 0.0
12 26 40.822 0.051
12 27 122.196 36.62
12 28 60.809 0.015
12 29 105.72 48.245
12 30 68.964 0.018
12 31 12.52 0.0
12 32 15.081 0.0
12 33 2.721 0.0
12 34 118.689 20.717
12 35 3.302 0.0
12 36 22.796 0.039
12 37 12.267 0.0
12 38 11.417 0.0
12 39 61.708 0.099
12 40 5.663 0.0
12 41 83.993 61.376
12 42 51.25 0.102
12 43 59.67 0.036
12 44 115.459 31.182
12 45 14.39 0.0
12 46 70.7 0.002
12 47 127.499 31.644
12 48 48.734 0.029
12 49 52.173 0.087
13 14 39.785 0.079
13 15 39.197 0.008
13 16 9.527 0.0
13 17 72.209 0.061
13 18 90.846 63.193
13 19 15.166 0.0
13 20 90.544 41.95
13 21 35.306 0.097
13 22 88.966 73.827
13 23 4.368 0.0
13 24 30.881 0.099
13 25 98.305 67.988
13 26 33.428 0.060
13 27 102.156 63.779
13 28 43.215 0.007
13 29 104.914 90.487
13 30 64.16 0.055
13 31 120.431 63.144
13 32 110.924 91.12
13 33 6.506 0.0
13 34 115.791 21.799
13 35 83.864 85.191
13 36 44.73 0.034
13 37 7.628 0.0
13 38 1.394 0.0
13 39 20.704 0.061
13 40 104.966 12.389
13 41 0.746 0.0
13 42 46.087 0.071
13 43 75.811 0.020
13 44 90.08 89.472
13 45 122.967 52.969
13 46 76.668 0.031
13 47 5.705 0.0
13 48 36.33 0.080
13 49 62.155 0.081
14 15 69.034 0.076
14 16 5.36 0.0
14 17 52.34 0.021
14 18 91.405 96.422
14 19 97.666 83.381
14 20 122.086 51.631
14 21 21.836 0.045
14 22 94.986 58.398
14 23 6.891 0.0
14 24 26.564 0.033
14 25 91.013 46.082
14 26 51.05 0.076
14 27 87.031 74.495
14 28 21.468 0.067
14 29 116.303 70.473
14 30 54.953 0.033
14 31 120.206 57.358
14 32 110.846 52.869
14 33 117.251 54.723
14 34 105.888 82.277
14 35 99.458 73.331
14 36 48.355 0.065
14 37 101.62 77.843
14 38 16.036 0.0
14 39 26.411 0.005
14 40 118.527 65.645
14 41 94.781 68.438
14 42 67.907 0.052
14 43 68.243 0.045
14 44 8.743 0.0
14 45 13.316 0.0
14 46 20.272 0.015
14 47 99.199 54.93
14 48 72.407 0.014
14 49 30.72 0.097
15 16 13.836 0.0
15 17 49.8 0.104
15 18 100.993 12.914
15 19 88.472 82.57
15 20 0.685 0.0
15 21 54.531 0.005
15 22 110.883 22.639
15 23 105.72 69.583
15 24 55.515 0.080
15 25 126.255 78.774
15 26 66.282 0.023
15 27 92.869 90.703
15 28 44.665 0.024
15 29 117.856 66.935
15 30 64.559 0.026
15 31 113.688 33.904
15 32 16.143 0.0
15 33 1.798 0.0
15 34 12.66 0.0
15 35 14.349 0.0
15 36 55.579 0.054
15 37 7.123 0.0
15 38 10.633 0.0
15 39 57.994 0.007
15 40 15.539 0.0
15 41 0.619 0.0
15 42 56.291 0.023
15 43 79.861 0.042
15 44 99.626 17.833
15 45 4.46 0.0
15 46 28.452 0.062
15 47 104.663 58.002
15 48 20.556 0.063
15 49 42.452 0.055
16 17 5.081 0.0
16 18 9.105 0.0
16 19 9.411 0.0
16 20 51.735 1.036
16 21 115.504 83.039
16 22 50.361 4.134
16 23 91.614 94.091
16 24 89.218 58.925
16 25 12.956 0.0
16 26 93.689 52.233
16 27 2.654 0.0
16 28 11.026 0.0
16 29 122.65 64.123
16 30 4.712 0.0
16 31 11.977 0.0
16 32 101.359 17.967
16 33 111.457 58.133
16 34 3.037 0.0
16 35 124.275 77.802
16 36 116.819 78.845
16 37 1.91 0.0
16 38 105.185 18.705
16 39 5.204 0.0
16 40 6.314 0.0
16 41 2.748 0.0
16 42 100.631 38.065
16 43 84.032 70.028
16 44 2.069 0.0
16 45 14.397 0.0
16 46 5.222 0.0
16 47 15.628 0.0
16 48 105.713 13.473
16 49 10.072 0.0
17 18 8.785 0.0
17 19 112.905 48.539
17 20 81.088 74.349
17 21 60.913 0.019
17 22 2.756 0.0
17 23 2.431 0.0
17 24 50.07 0.006
17 25 81.392 28.22
17 26 44.879 0.086
17 27 15.792 0.0
17 28 63.117 0.094
17 29 81.501 49.398
17 30 67.857 0.065
17 31 113.727 63.431
17 32 0.415 0.0
17 33 15.383 0.0
17 34 98.625 51.02
17 35 3.768 0.0
17 36 76.619 0.059
17 37 107.544 58.411
17 38 81.451 34.941
17 39 61.991 0.027
17 40 6.036 0.0
17 41 115.907 65.501
17 42 60.165 0.077
17 43 79.077 0.071
17 44 2.444 0.0
17 45 94.206 17.754
17 46 41.481 0.004
17 47 116.815 96.237
17 48 52.501 0.092
17 49 32.02 0.101
18 19 1.059 0.0
18 20 113.567 25.346
18 21 7.861 0.0
18 22 3.022 0.0
18 23 88.854 48.896
18 24 4.726 0.0
18 25 87.269 55.436
18 26 103.835 59.889
18 27 4.865 0.0
18 28 3.993 0.0
18 29 80.795 87.746
18 30 4.256 0.0
18 31 93.467 79.062
18 32 1.489 0.0
18 33 2.251 0.0
18 34 14.836 0.0
18 35 119.408 34.682
18 36 121.82 58.521
18 37 8.526 0.0
18 38 5.188 0.0
18 39 99.122 34.142
18 40 57.267 0.349
18 41 66.554 0.717
18 42 4.035 0.0
18 43 9.61 0.0
18 44 119.19 40.777
18 45 91.07 21.655
18 46 115.079 67.422
18 47 13.761 0.0
18 48 99.286 21.197
18 49 9.525 0.0
19 20 4.511 0.0
19 21 110.623 38.214
19 22 114.334 61.278
19 23 68.317 0.139
19 24 4.68 0.0
19 25 105.384 85.979
19 26 0.436 0.0
19 27 26.495 0.036
19 28 6.48 0.0
19 29 21.426 0.517
19 30 91.044 81.51
19 31 78.019 0.072
19 32 61.906 0.620
19 33 121.463 61.708
19 34 109.992 18.582
19 35 38.719 0.383
19 36 114.476 69.264
19 37 1.332 0.0
19 38 127.178 15.961
19 39 16.117 0.0
19 40 89.817 11.331
19 41 8.541 0.0
19 42 6.372 0.0
19 43 113.325 66.845
19 44 8.81 0.0
19 45 58.842 0.206
19 46 3.671 0.0
19 47 4.558 0.0
19 48 8.811 0.0
19 49 1.066 0.0
20 21 2.957 0.0
20 22 39.152 5.117
20 23 105.407 47.653
20 24 82.727 50.961
20 25 126.975 13.434
20 26 7.672 0.0
20 27 96.07 79.961
20 28 1.759 0.0
20 29 9.366 0.0
20 30 14.527 0.0
20 31 13.955 0.0
20 32 8.34 0.0
20 33 9.531 0.0
20 34 10.714 0.0
20 35 3.007 0.0
20 36 83.914 84.501
20 37 101.433 50.868
20 38 104.635 72.656
20 39 8.722 0.0
20 40 3.73 0.0
20 41 12.054 0.0
20 42 2.446 0.0
20 43 120.55 17.842
20 44 98.43 98.434
20 45 127.354 89.811
20 46 14.956 0.0
20 47 121.846 85.581
20 48 0.104 0.0
20 49 11.937 0.0
21 22 96.645 18.449
21 23 5.991 0.0
21 24 57.743 0.064
21 25 13.107 0.0
21 26 26.962 0.103
21 27 104.038 91.273
21 28 64.317 0.026
21 29 103.89 97.842
21 30 50.727 0.103
21 31 124.778 34.664
21 32 106.256 68.421
21 33 117.591 32.414
21 34 122.239 86.956
21 35 8.573 0.0
21 36 65.299 0.026
21 37 125.939 28.605
21 38 0.854 0.0
21 39 21.83 0.101
21 40 15.077 0.0
21 41 97.234 12.711
21 42 53.582 0.033
21 43 25.507 0.091
21 44 9.788 0.0
21 45 123.554 92.356
21 46 45.426 0.025
21 47 80.42 24.567
21 48 30.13 0.089
21 49 75.762 0.021
22 23 100.802 15.382
22 24 120.384 23.964
22 25 127.011 66.626
22 26 91.15 13.345
22 27 105.582 94.714
22 28 8.626 0.0
22 29 115.479 55.685
22 30 108.816 40.966
22 31 116.164 60.955
22 32 125.29 35.477
22 33 2.319 0.0
22 34 125.495 43.453
22 35 2.581 0.0
22 36 14.958 0.0
22 37 2.59 0.0
22 38 7.348 0.0
22 39 15.945 0.0
22 40 102.447 59.833
22 41 14.514 0.0
22 42 100.425 70.888
22 43 98.493 45.845
22 44 1.657 0.0
22 45 0.704 0.0
22 46 11.999 0.0
22 47 80.225 14.67
22 48 9.51 0.0
22 49 125.473 48.299
23 24 102.006 61.443
23 25 0.572 0.0
23 26 10.801 0.0
23 27 37.617 0.127
23 28 14.304 0.0
23 29 41.97 0.410
23 30 13.082 0.0
23 31 64.862 0.672
23 32 25.024 0.057
23 33 99.636 26.752
23 34 82.736 50.798
23 35 28.823 0.212
23 36 111.834 13.657
23 37 10.606 0.0
23 38 108.318 76.198
23 39 102.681 86.922
23 40 12.359 0.0
23 41 6.716 0.0
23 42 104.452 70.778
23 43 106.906 15.219
23 44 4.873 0.0
23 45 72.211 0.247
23 46 109.652 49.911
23 47 94.115 49.01
23 48 109.682 31.331
23 49 4.698 0.0
24 25 114.278 22.169
24 26 41.814 0.075
24 27 119.227 71.963
24 28 75.15 0.041
24 29 123.572 98.393
24 30 41.735 0.001
24 31 7.019 0.0
24 32 92.68 64.059
24 33 11.415 0.0
24 34 14.368 0.0
24 35 10.309 0.0
24 36 26.301 0.044
24 37 98.533 27.877
24 38 12.305 0.0
24 39 74.573 0.082
24 40 105.403 12.069
24 41 104.378 69.44
24 42 78.118 0.011
24 43 52.412 0.001
24 44 10.619 0.0
24 45 3.848 0.0
24 46 48.847 0.031
24 47 6.14 0.0
24 48 48.195 0.102
24 49 47.673 0.079
25 26 80.049 25.852
25 27 125.177 83.033
25 28 13.178 0.0
25 29 88.188 27.193
25 30 6.528 0.0
25 31 99.195 72.314
25 32 127.099 85.252
25 33 15.871 0.0
25 34 1.252 0.0
25 35 15.659 0.0
25 36 89.74 74.907
25 37 3.429 0.0
25 38 127.615 90.097
25 39 6.048 0.0
25 40 91.915 68.093
25 41 10.414 0.0
25 42 119.912 79.686
25 43 89.494 25.806
25 44 52.641 2.202
25 45 127.829 50.163
25 46 106.464 93.272
25 47 12.677 0.0
25 48 109.883 35.864
25 49 4.567 0.0
26 27 80.656 72.298
26 28 38.884 0.045
26 29 102.592 85.33
26 30 22.207 0.005
26 31 111.795 90.226
26 32 7.134 0.0
26 33 95.267 52.722
26 34 12.881 0.0
26 35 15.583 0.0
26 36 61.441 0.042
26 37 11.964 0.0
26 38 3.307 0.0
26 39 72.397 0.087
26 40 94.432 83.31
26 41 5.729 0.0
26 42 21.104 0.102
26 43 42.856 0.044
26 44 15.398 0.0
26 45 119.339 12.777
26 46 69.324 0.099
26 47 85.254 61.558
26 48 37.158 0.055
26 49 26.223 0.071
27 28 7.096 0.0
27 29 58.356 0.077
27 30 15.813 0.0
27 31 20.286 0.432
27 32 39.815 0.065
27 33 0.995 0.0
27 34 100.651 93.65
27 35 56.652 0.182
27 36 86.771 63.282
27 37 11.819 0.0
27 38 82.45 32.445
27 39 110.777 64.8
27 40 4.375 0.0
27 41 3.887 0.0
27 42 15.794 0.0
27 43 92.642 54.021
27 44 4.336 0.0
27 45 55.765 0.480
27 46 88.188 37.37
27 47 4.483 0.0
27 48 90.082 48.464
27 49 125.534 33.914
28 29 6.161 0.0
28 30 41.57 0.095
28 31 15.212 0.0
28 32 9.31 0.0
28 33 9.693 0.0
28 34 15.263 0.0
28 35 9.808 0.0
28 36 45.171 0.045
28 37 10.159 0.0
28 38 105.621 63.852
28 39 45.996 0.058
28 40 2.842 0.0
28 41 3.281 0.0
28 42 39.293 0.084
28 43 25.122 0.014
28 44 16.025 0.0
28 45 107.585 27.628
28 46 72.703 0.090
28 47 96.187 33.792
28 48 59.966 0.077
28 49 32.665 0.020
29 30 3.423 0.0
29 31 59.832 0.060
29 32 53.107 0.261
29 33 3.298 0.0
29 34 10.795 0.0
29 35 47.948 0.319
29 36 8.055 0.0
29 37 10.819 0.0
29 38 121.492 15.445
29 39 100.899 62.253
29 40 1.769 0.0
29 41 99.083 67.131
29 42 4.197 0.0
29 43 99.308 89.913
29 44 101.841 99.385
29 45 53.875 0.546
29 46 1.391 0.0
29 47 124.123 95.256
29 48 102.446 39.267
29 49 5.65 0.0
30 31 14.873 0.0
30 32 8.588 0.0
30 33 15.103 0.0
30 34 96.32 45.903
30 35 103.753 23.995
30 36 27.174 0.057
30 37 8.148 0.0
30 38 84.457 32.381
30 39 71.548 0.085
30 40 82.706 36.009
30 41 14.736 0.0
30 42 34.644 0.058
30 43 77.652 0.088
30 44 113.522 25.14
30 45 88.747 27.042
30 46 37.223 0.101
30 47 119.852 58.402
30 48 52.372 0.100
30 49 33.754 0.071
31 32 41.365 0.383
31 33 3.741 0.0
31 34 93.818 27.036
31 35 75.293 0.268
31 36 101.764 47.831
31 37 127.399 98.372
31 38 93.104 79.16
31 39 82.859 56.341
31 40 14.985 0.0
31 41 11.843 0.0
31 42 99.449 56.458
31 43 125.82 99.36
31 44 83.235 76.72
31 45 29.677 0.224
31 46 2.411 0.0
31 47 100.438 79.183
31 48 14.377 0.0
31 49 0.845 0.0
32 33 92.007 85.786
32 34 6.465 0.0
32 35 46.49 0.565
32 36 127.317 73.952
32 37 14.96 0.0
32 38 80.653 17.751
32 39 4.151 0.0
32 40 9.99 0.0
32 41 125.732 55.356
32 42 88.519 78.066
32 43 5.991 0.0
32 44 6.681 0.0
32 45 26.578 0.027
32 46 97.368 44.365
32 47 126.001 81.279
32 48 15.947 0.0
32 49 114.882 14.638
33 34 1.311 0.0
33 35 119.629 82.591
33 36 11.551 0.0
33 37 0.224 0.0
33 38 0.984 0.0
33 39 7.147 0.0
33 40 104.557 39.896
33 41 115.842 57.777
33 42 11.33 0.0
33 43 93.134 31.636
33 44 9.315 0.0
33 45 3.154 0.0
33 46 119.458 59.006
33 47 123.79 59.732
33 48 106.942 34.632
33 49 10.765 0.0
34 35 101.522 51.365
34 36 11.689 0.0
34 37 110.627 45.676
34 38 15.959 0.0
34 39 4.456 0.0
34 40 8.724 0.0
34 41 11.055 0.0
34 42 115.378 32.073
34 43 89.436 33.02
34 44 94.712 62.673
34 45 114.772 19.551
34 46 80.388 33.679
34 47 31.373 2.887
34 48 1.153 0.0
34 49 0.473 0.0
35 36 4.281 0.0
35 37 6.295 0.0
35 38 115.516 87.988
35 39 3.321 0.0
35 40 109.707 28.918
35 41 85.132 11.421
35 42 110.065 43.629
35 43 126.053 23.464
35 44 108.712 52.341
35 45 24.736 0.459
35 46 111.812 65.253
35 47 108.938 96.041
35 48 109.984 69.415
35 49 9.615 0.0
36 37 83.53 18.258
36 38 90.841 44.139
36 39 39.624 0.097
36 40 88.391 66.008
36 41 4.101 0.0
36 42 51.242 0.092
36 43 66.016 0.080
36 44 126.344 45.914
36 45 98.521 30.34
36 46 22.509 0.062
36 47 83.884 35.868
36 48 42.571 0.002
36 49 35.68 0.083
37 38 37.881 2.229
37 39 83.342 67.768
37 40 88.866 51.203
37 41 107.789 27.146
37 42 80.424 94.727
37 43 117.904 15.224
37 44 95.489 95.15
37 45 97.227 24.913
37 46 92.271 31.942
37 47 5.269 0.0
37 48 84.764 82.387
37 49 80.084 38.409
38 39 7.147 0.0
38 40 93.998 12.909
38 41 1.952 0.0
38 42 96.29 82.811
38 43 13.549 0.0
38 44 106.604 42.261
38 45 124.999 57.949
38 46 107.383 50.742
38 47 97.748 18.148
38 48 120.398 43.839
38 49 8.047 0.0
39 40 3.992 0.0
39 41 93.606 93.667
39 42 43.641 0.003
39 43 49.739 0.050
39 44 0.924 0.0
39 45 3.973 0.0
39 46 21.535 0.021
39 47 125.93 20.802
39 48 54.745 0.038
39 49 70.666 0.091
40 41 30.527 1.103
40 42 2.569 0.0
40 43 100.976 60.048
40 44 94.237 97.365
40 45 10.247 0.0
40 46 14.581 0.0
40 47 111.112 61.842
40 48 117.804 95.649
40 49 116.45 78.082
41 42 12.415 0.0
41 43 119.182 60.535
41 44 5.647 0.0
41 45 100.815 48.22
41 46 5.107 0.0
41 47 93.471 87.876
41 48 10.263 0.0
41 49 1.264 0.0
42 43 69.092 0.017
42 44 3.374 0.0
42 45 99.091 84.625
42 46 74.431 0.050
42 47 118.585 62.409
42 48 67.706 0.005
42 49 37.577 0.072
43 44 9.4 0.0
43 45 13.362 0.0
43 46 76.144 0.009
43 47 5.495 0.0
43 48 49.663 0.075
43 49 42.223 0.079
44 45 96.628 35.501
44 46 91.05 46.546
44 47 1.248 0.0
44 48 97.096 92.583
44 49 85.604 49.434
45 46 3.317 0.0
45 47 5.116 0.0
45 48 116.102 77.553
45 49 15.283 0.0
46 47 10.587 0.0
46 48 31.928 0.044
46 49 36.325 0.067
47 48 110.834 91.587
47 49 118.933 18.564
48 49 62.377 0.072
